>ABAB01000045
1 165 7.195122 nh
166 255 5.696629 nh
256 495 6.995833 nh
496 2925 309.874897 P0T3ctg009
2926 3885 317.249207 P0T3ctg017
3886 4755 208.406219 P0T3ctg017 P0T3ctg009
4756 5175 248.303101 P0T3ctg009
5176 6615 406.403046 P0T3ctg017 P0T3ctg009
6616 7125 82.772102 P0T3ctg009
7126 7275 136.912750 P0T3ctg017 P0T3ctg009
7276 8305 72.205055 P0T3ctg001
>ABAB01000038
1 885 311.078064 P0T3ctg001
886 2265 191.411896 P0T3ctg017 P0T3ctg009
2266 8475 135.364412 P0T3ctg009
8476 8565 6.674157 nh
8566 12119 172.123276 P0T3ctg009
>ABAB01000051
1 405 59.146038 P0T3ctg009
406 495 10.134831 nh
496 5175 7.954060 nh
5176 5418 29.301653 P0T3ctg009
>ABAB01000016
1 31125 287.045898 P0T3ctg009
31126 38970 7.919402 nh
38971 39615 12.473171 P0T3ctg009
39616 40305 7.644917 nh
40306 49950 237.391830 P0T3ctg009
49951 50385 54.995228 P0T3ctg002
50386 50854 79.662392 P0T3ctg009
>ABAB01000022
1 255 34.287403 P0T3ctg002
256 18075 198.623779 P0T3ctg009
18076 18435 53.158775 P0T3ctg001
18436 23340 229.398041 P0T3ctg009
23341 24795 7.948575 nh
24796 25275 55.056366 P0T3ctg009
25276 32025 191.971852 P0T3ctg001
32026 32308 7.819149 nh
>ABAB01000053
1 4522 59.184029 P0T3ctg001
>ABAB01000059
1 1501 48.866665 P0T3ctg001
>ABAB01000005
1 945 67.192795 P0T3ctg001
946 1065 6.680672 nh
1066 2145 44.464317 P0T3ctg001
2146 2265 9.697479 nh
2266 24135 131.947005 P0T3ctg001
24136 24285 11.590604 P0T3ctg001
24286 100523 275.977173 P0T3ctg001
>ABAB01000028
1 2295 45.454227 P0T3ctg001
2296 2475 8.949720 nh
2476 13725 148.659698 P0T3ctg001
13726 13815 10.325843 nh
13816 16575 86.918083 P0T3ctg001
16576 17205 88.901428 P0T3ctg009
17206 17610 57.313625 P0T3ctg002
17611 25552 184.417984 P0T3ctg001
>ABAB01000030
1 20535 211.774078 P0T3ctg001
20536 20625 39.662922 P0T3ctg004
20626 20985 60.256268 P0T3ctg002
20986 21585 92.434059 P0T3ctg009
21586 21675 0.000000 nh
21676 23738 219.264178 P0T3ctg001
>ABAB01000023
1 405 28.700495 P0T3ctg015
406 495 82.921349 P0T3ctg004
496 26715 112.118729 P0T3ctg001
26716 26925 45.483253 P0T3ctg003
26926 31321 125.205917 P0T3ctg001
>ABAB01000034
1 225 10.549108 nh
226 1725 25.021347 P0T3ctg001
1726 6075 8.274086 nh
6076 6405 5.346667 nh
6406 9975 7.871150 nh
9976 10110 8.853932 nh
10111 13215 7.756844 nh
13216 13650 24.391409 P0T3ctg006
13651 14685 7.957802 nh
14686 15045 14.891365 P0T3ctg001
15046 17447 8.039984 nh
>ABAB01000025
1 915 8.061269 nh
916 8025 108.198059 P0T3ctg001
8026 8745 81.955490 P0T3ctg009
8746 9135 57.246788 P0T3ctg002
9136 9225 33.280899 P0T3ctg004
9226 28717 156.916214 P0T3ctg001
>ABAB01000060
1 825 7.973301 nh
826 1284 11.897380 P0T3ctg001
>ABAB01000017
1 49673 257.997620 P0T3ctg001
>ABAB01000058
1 255 41.826771 P0T3ctg003
256 1995 132.610123 P0T3ctg001
>ABAB01000011
1 2745 207.377182 P0T3ctg001
2746 2865 2.831461 nh
2866 3405 7.506876 nh
3406 3525 7.495798 nh
3526 15300 7.913462 nh
15301 15675 66.328270 P0T3ctg009
15676 15945 51.044609 P0T3ctg004
15946 16470 71.685661 P0T3ctg002
16471 16785 77.966553 P0T3ctg006
16786 18915 72.949272 P0T3ctg001
18916 22290 7.835135 nh
22291 22455 6.310925 nh
22456 26625 7.792516 nh
26626 51615 195.296768 P0T3ctg001
51616 52035 56.298199 P0T3ctg002
52036 52665 92.060097 P0T3ctg009
52666 63089 250.496490 P0T3ctg001
>ABAB01000033
1 4020 155.971817 P0T3ctg001
4021 4545 9.198330 nh
4546 10995 71.565666 P0T3ctg001
10996 11505 9.160751 nh
11506 17115 161.993225 P0T3ctg001
17116 17385 8.502092 nh
17386 17595 20.418995 P0T3ctg009
17596 17925 16.936171 P0T3ctg001
17926 18255 7.610942 nh
18256 18585 13.221885 P0T3ctg001
18586 19052 51.815449 P0T3ctg002
>ABAB01000002
1 555 7.550541 nh
556 2655 285.214874 P0T3ctg001
2656 2775 7.319328 nh
2776 16905 167.495926 P0T3ctg001
16906 17205 7.899665 nh
17206 18735 110.265533 P0T3ctg001
18736 19005 8.483272 nh
19006 19335 17.617022 P0T3ctg001
19336 19425 6.853932 nh
19426 22575 311.688782 P0T3ctg001
22576 22695 47.394958 P0T3ctg005
22696 87810 186.473570 P0T3ctg001
87811 88005 12.310925 P0T3ctg001
88006 91155 142.302002 P0T3ctg001
91156 91590 30.231504 P0T3ctg007
91591 96765 561.698975 P0T3ctg008
96766 97155 6.880223 nh
97156 114030 177.300369 P0T3ctg008
114031 118635 7.950923 nh
118636 118785 7.966386 nh
118786 128940 130.580750 P0T3ctg008
128941 132295 7.886551 nh
>ABAB01000056
1 735 7.790191 nh
736 1185 9.035635 nh
1186 2175 56.886753 P0T3ctg006
2176 2463 9.108014 nh
>ABAB01000049
1 285 7.404930 nh
286 495 8.789474 nh
496 5805 8.386514 nh
5806 5925 10.630252 nh
5926 6418 10.378049 nh
>ABAB01000024
1 645 90.195442 P0T3ctg009
646 885 25.148325 P0T3ctg001
886 29863 140.396759 P0T3ctg008
>ABAB01000003
1 10875 156.960175 P0T3ctg008
10876 11175 62.185875 P0T3ctg003
11176 11325 23.462185 P0T3ctg008
11326 11655 36.106384 P0T3ctg005
11656 11775 19.142857 P0T3ctg007
11776 11895 11.352942 P0T3ctg001
11896 11985 5.617978 nh
11986 13065 31.577387 P0T3ctg008
13066 13305 9.380754 nh
13306 22755 211.722412 P0T3ctg008
22756 57645 242.473389 P0T3ctg013
57646 57735 24.471910 P0T3ctg012
57736 65595 185.483902 P0T3ctg013
65596 65835 69.548119 P0T3ctg004
65836 66165 66.407295 P0T3ctg002
66166 66765 92.046745 P0T3ctg009
66766 66855 0.000000 nh
66856 66975 32.823528 P0T3ctg001
66976 79845 293.822571 P0T3ctg013
79846 79995 42.521008 P0T3ctg009
79996 80115 29.478992 P0T3ctg003
80116 81705 143.528641 P0T3ctg013
81706 81855 79.906044 P0T3ctg014 P0T3ctg004
81856 82005 35.986576 P0T3ctg004
82006 82605 32.021702 P0T3ctg001
82606 107175 325.106634 P0T3ctg015
107176 107591 39.896385 P0T3ctg005
>ABAB01000031
1 1035 265.116058 P0T3ctg001
1036 1905 8.208285 nh
1906 1995 6.258427 nh
1996 2385 8.020566 nh
2386 2475 17.842697 P0T3ctg011
2476 3900 35.678493 P0T3ctg011
3901 5205 7.692009 nh
5206 5295 6.775281 nh
5296 6975 7.718880 nh
6976 7155 7.452514 nh
7156 10635 8.217304 nh
10636 10875 8.071130 nh
10876 21975 7.937117 nh
21976 23076 71.835457 P0T3ctg005
>ABAB01000013
1 345 28.523256 P0T3ctg009
346 765 55.520287 P0T3ctg002
766 12795 359.229858 P0T3ctg004
12796 13005 45.976078 P0T3ctg002
13006 13095 17.640450 P0T3ctg009
13096 13785 34.203194 P0T3ctg004
13786 13935 35.281879 P0T3ctg009
13936 14205 60.483273 P0T3ctg006
14206 34335 216.093145 P0T3ctg004
34336 34545 5.708134 nh
34546 39645 237.968628 P0T3ctg004
39646 39765 8.252101 nh
39766 42240 314.728760 P0T3ctg004
42241 42465 9.258373 nh
42466 51420 438.672363 P0T3ctg004
51421 51585 11.303370 P0T3ctg004
51586 53004 81.320168 P0T3ctg004
>ABAB01000006
1 4485 413.204071 P0T3ctg004
4486 5175 177.657059 P0T3ctg018
5176 5325 36.463089 P0T3ctg004
5326 5415 54.606743 P0T3ctg006
5416 7005 270.293884 P0T3ctg004
7006 7305 72.284279 P0T3ctg002
7306 7905 92.477463 P0T3ctg009
7906 7995 0.000000 nh
7996 8145 32.845638 P0T3ctg001
8146 17715 147.628799 P0T3ctg004
17716 17865 36.080536 P0T3ctg005
17866 35625 184.854553 P0T3ctg004
35626 35745 11.630252 P0T3ctg004
35746 41505 150.760025 P0T3ctg004
41506 42225 82.410294 P0T3ctg012
42226 43125 119.500557 P0T3ctg004
43126 43275 8.852349 nh
43276 50235 138.580978 P0T3ctg004
50236 50565 66.495438 P0T3ctg002
50566 51135 96.609840 P0T3ctg009
51136 51225 2.719101 nh
51226 51345 36.126049 P0T3ctg001
51346 88935 235.216904 P0T3ctg004
88936 89235 78.615387 P0T3ctg012
89236 95235 237.348389 P0T3ctg004
95236 95325 6.202247 nh
95326 95655 35.267479 P0T3ctg004
95656 95925 31.211895 P0T3ctg012
95926 96045 135.764709 P0T3ctg006
96046 96826 264.773071 P0T3ctg012
>ABAB01000043
1 9090 183.344269 P0T3ctg006
>ABAB01000021
1 4005 160.325668 P0T3ctg006
4006 4125 5.411765 nh
4126 31335 389.560059 P0T3ctg006
31336 31485 5.764045 nh
31486 32941 8.400702 nh
>ABAB01000042
1 9310 117.474594 P0T3ctg007
>ABAB01000015
1 165 11.103659 P0T3ctg007
166 885 8.232267 nh
886 30885 199.324224 P0T3ctg007
30886 31305 56.300770 P0T3ctg002
31306 31935 92.327209 P0T3ctg009
31936 32085 30.714285 P0T3ctg001
32086 52417 208.321472 P0T3ctg007
>ABAB01000041
1 4935 194.772797 P0T3ctg012
4936 5025 8.516854 nh
5026 6135 7.817854 nh
6136 6285 12.040269 P0T3ctg012
6286 9805 79.407784 P0T3ctg012
>ABAB01000026
1 7455 440.479142 P0T3ctg012
7456 7635 130.536316 P0T3ctg006
7636 7755 88.537819 P0T3ctg012 P0T3ctg006
7756 8070 53.855019 P0T3ctg006
8071 26927 159.451599 P0T3ctg012
>ABAB01000055
1 255 6.204724 nh
256 2576 7.899138 nh
>ABAB01000046
1 6855 7.667250 nh
6856 7115 11.498070 P0T3ctg012
>ABAB01000039
1 10276 147.902573 P0T3ctg012
>ABAB01000027
1 9825 375.225983 P0T3ctg012
9826 21015 162.314682 P0T3ctg015
21016 25005 186.866135 P0T3ctg006
25006 26038 79.537788 P0T3ctg001
>ABAB01000054
1 945 91.608047 P0T3ctg001
946 3868 269.231689 P0T3ctg006
>ABAB01000020
1 195 23.242268 P0T3ctg004
196 495 64.816055 P0T3ctg002
496 885 66.203087 P0T3ctg004
886 12765 291.669495 P0T3ctg006
12766 12855 9.168539 nh
12856 27045 208.869697 P0T3ctg006
27046 27135 8.775281 nh
27136 34013 339.718323 P0T3ctg006
>ABAB01000032
1 3000 42.902843 P0T3ctg006
3001 3645 9.570951 nh
3646 5865 6.885135 nh
5866 6075 9.200957 nh
6076 7725 7.968466 nh
7726 7905 8.229051 nh
7906 9315 8.171043 nh
9316 9510 4.924370 nh
9511 14865 8.122689 nh
14866 14985 8.184874 nh
14986 22365 8.037127 nh
22366 22455 5.269663 nh
22456 23045 6.245763 nh
>ABAB01000019
1 27255 242.823914 P0T3ctg007
27256 27375 11.445378 P0T3ctg007
27376 28440 7.353333 nh
28441 36105 114.741928 P0T3ctg007
36106 36195 1.123595 nh
36196 36495 37.795986 P0T3ctg006
36496 36779 46.197880 P0T3ctg004
>ABAB01000057
1 225 8.879464 nh
226 390 8.000000 nh
391 2408 8.407827 nh
>ABAB01000007
1 420 7.908416 nh
421 4020 544.521973 P0T3ctg011
4021 7290 7.776434 nh
7291 7515 6.389262 nh
7516 7665 7.865546 nh
7666 14445 179.464081 P0T3ctg011
14446 14685 77.740585 P0T3ctg002
14686 73845 180.479885 P0T3ctg011
73846 74115 216.639404 P0T3ctg008
74116 74235 228.907562 P0T3ctg011 P0T3ctg008
74236 74895 100.314110 P0T3ctg008
74896 75135 29.292887 P0T3ctg011
75136 81180 104.934319 P0T3ctg008
81181 81345 7.986577 nh
81346 82005 96.089531 P0T3ctg008
82006 95133 203.667328 P0T3ctg005
>ABAB01000004
1 975 27.526693 P0T3ctg005
976 1245 23.617100 P0T3ctg003
1246 34875 210.968183 P0T3ctg005
34876 35175 53.655518 P0T3ctg007
35176 57285 281.702332 P0T3ctg005
57286 57375 69.775284 P0T3ctg004
57376 58935 80.094933 P0T3ctg005
58936 59025 11.640450 P0T3ctg003
59026 106665 311.359802 P0T3ctg005
106666 106918 23.190475 P0T3ctg017
>ABAB01000010
1 330 38.681530 P0T3ctg016
331 11925 7.818974 nh
11926 12075 7.697987 nh
12076 12675 8.038398 nh
12676 12885 7.937799 nh
12886 18315 7.803704 nh
18316 18705 18.121580 P0T3ctg016
18706 22935 7.731442 nh
22936 23265 7.057751 nh
23266 28275 7.775250 nh
28276 28425 11.429530 P0T3ctg016
28426 29775 7.534470 nh
29776 29985 13.406698 P0T3ctg001
29986 33615 8.091485 nh
33616 58335 247.498444 P0T3ctg005
58336 58965 67.085854 P0T3ctg001
58966 59070 0.629214 nh
59071 61575 79.422256 P0T3ctg020
61576 62115 213.105759 P0T3ctg018 P0T3ctg020
62116 67533 274.804504 P0T3ctg018
>ABAB01000050
1 255 25.791338 P0T3ctg018
256 375 7.630252 nh
376 2775 160.751144 P0T3ctg018
2776 6009 134.172592 P0T3ctg002
>ABAB01000035
1 15417 218.294891 P0T3ctg002
>ABAB01000014
1 52806 235.585672 P0T3ctg002
>ABAB01000018
1 16065 218.705734 P0T3ctg002
16066 16155 6.112360 nh
16156 16275 6.571429 nh
16276 16485 7.736842 nh
16486 26070 355.598816 P0T3ctg002
26071 27285 7.984987 nh
27286 33105 131.353149 P0T3ctg002
33106 33345 47.464115 P0T3ctg004
33346 33555 50.083797 P0T3ctg012
33556 33675 62.521008 P0T3ctg004
33676 45480 278.963867 P0T3ctg002
45481 45615 7.462185 nh
45616 46063 36.899330 P0T3ctg002
>ABAB01000040
1 9881 225.751923 P0T3ctg002
>ABAB01000036
1 1125 43.339859 P0T3ctg002
1126 1455 10.234042 nh
1456 3075 7.606790 nh
3076 4005 62.245426 P0T3ctg002
4006 4095 6.404494 nh
4096 13720 188.008621 P0T3ctg002
>ABAB01000037
1 2760 80.965012 P0T3ctg002
2761 5385 7.777143 nh
5386 8340 118.555862 P0T3ctg002
8341 8805 10.079692 nh
8806 12770 132.369095 P0T3ctg002
>ABAB01000052
1 4558 179.769150 P0T3ctg002
>ABAB01000009
1 20715 233.820465 P0T3ctg002
20716 22575 238.877884 P0T3ctg001
22576 72375 224.255554 P0T3ctg002
72376 73999 132.501541 P0T3ctg001
>ABAB01000029
1 3030 240.547119 P0T3ctg002
3031 3345 7.277592 nh
3346 3435 9.089888 nh
3436 5910 6.935772 nh
5911 24345 380.333771 P0T3ctg002
24346 24868 152.036392 P0T3ctg010
>ABAB01000008
1 3525 326.648682 P0T3ctg010
3526 3765 70.175735 P0T3ctg006
3766 4245 27.743216 P0T3ctg009
4246 4545 65.026756 P0T3ctg002
4546 4875 54.632217 P0T3ctg004
4876 7995 121.683235 P0T3ctg010
7996 8115 8.285714 nh
8116 48435 234.443481 P0T3ctg010
48436 48555 7.907563 nh
48556 74730 203.053631 P0T3ctg010
74731 75011 7.833962 nh
>ABAB01000047
1 2985 84.904858 P0T3ctg010
2986 3225 11.296651 P0T3ctg010
3226 4125 25.637514 P0T3ctg010
4126 4275 7.288590 nh
4276 6777 196.839264 P0T3ctg010
6778 6942 34.445122 P0T3ctg003
>ABAB01000001
1 405 55.722771 P0T3ctg003
406 7035 152.418610 P0T3ctg014
7036 7185 48.577183 P0T3ctg001
7186 7515 32.693008 P0T3ctg014
7516 7665 25.739496 P0T3ctg012
7666 9075 159.593185 P0T3ctg014
9076 9435 160.710312 P0T3ctg001
9436 55935 225.230882 P0T3ctg014
55936 56505 89.527245 P0T3ctg002
56506 68265 287.802460 P0T3ctg003
68266 68745 219.125259 P0T3ctg001
68746 75795 199.212372 P0T3ctg003
75796 76035 62.397129 P0T3ctg004
76036 76215 53.275169 P0T3ctg012
76216 76305 26.303371 P0T3ctg004
76306 85875 191.368164 P0T3ctg003
85876 86055 9.318436 nh
86056 121035 296.533966 P0T3ctg003
121036 121215 63.379887 P0T3ctg012
121216 130920 132.953354 P0T3ctg003
130921 133575 9.126868 nh
133576 133785 32.664806 P0T3ctg006
133786 134235 40.452114 P0T3ctg004
134236 134565 24.191490 P0T3ctg001
134566 134910 9.492401 nh
134911 158880 261.587280 P0T3ctg003
158881 167955 8.092121 nh
167956 181185 197.343262 P0T3ctg003
181186 181425 43.677826 P0T3ctg001
181426 192495 185.064407 P0T3ctg003
192496 192615 9.764045 nh
192616 193425 18.473425 P0T3ctg001
193426 194490 7.930410 nh
194491 214245 244.538635 P0T3ctg003
>ABAB01000012
1 510 31.686235 P0T3ctg003
511 645 10.453781 nh
646 32250 366.829376 P0T3ctg003
32251 45645 7.778649 nh
45646 57942 413.527446 P0T3ctg003
>ABAB01000044
1 225 30.201031 P0T3ctg012
226 375 7.478992 nh
376 3495 7.612500 nh
3496 3585 5.707865 nh
3586 3705 7.882353 nh
3706 4035 8.559271 nh
4036 8760 7.648254 nh
>ABAB01000048
1 225 29.912371 P0T3ctg016
226 675 7.791774 nh
676 1665 33.134514 P0T3ctg016
1666 3225 71.073120 P0T3ctg017
3226 3585 8.144847 nh
3586 5520 41.654167 P0T3ctg017
5521 5655 6.134454 nh
5656 5775 9.705882 nh
5776 6862 33.634775 P0T3ctg017
>ABAB01000061
1 563 283.503571 P0T3ctg019
