seq0_leftend	seq0_rightend	seq1_leftend	seq1_rightend	seq2_leftend	seq2_rightend	seq3_leftend	seq3_rightend
1986884	1987226	1766268	1766610	0	0	0	0
1980797	1981511	1765554	1766267	0	0	0	0
1944669	1944741	1729595	1729667	0	0	0	0
1931010	1931061	1715976	1716027	0	0	0	0
1930494	1930746	1715724	1715975	0	0	0	0
-1340066	-1341272	-1171381	-1172587	0	0	0	0
-1340065	-1340065	-1171380	-1171380	0	0	0	0
-1299624	-1299752	-1154595	-1154723	0	0	0	0
-1280754	-1280785	-1135743	-1135774	0	0	0	0
-1218546	-1219257	-1073307	-1074019	0	0	0	0
-1209876	-1209946	-1064637	-1064707	0	0	0	0
-1197637	-1197847	-1053801	-1053999	0	0	0	0
-1140599	-1140609	-1036485	-1036495	0	0	0	0
-1137296	-1137321	-1034598	-1034623	0	0	0	0
-1131747	-1131783	-1028747	-1028783	0	0	0	0
-873989	-874553	-1009756	-1010320	0	0	0	0
-1081510	-1082201	-953350	-954042	0	0	0	0
-1048188	-1048210	-892243	-892254	0	0	0	0
1859251	1859376	1660372	1660497	0	0	0	0
1784705	1794615	1584873	1594800	0	0	0	0
1768625	1769054	1562157	1562586	0	0	0	0
1764928	1765092	1558460	1558624	0	0	0	0
1664694	1664743	1498012	1498061	0	0	0	0
1664536	1664603	1497944	1498010	0	0	0	0
1614827	1614864	1444425	1444461	0	0	0	0
1611699	1611754	1441297	1441352	0	0	0	0
1589059	1589159	1417429	1417529	0	0	0	0
1587165	1587246	1416540	1416622	0	0	0	0
1574655	1574843	1401358	1401545	0	0	0	0
14600	15112	2021428	2021940	0	0	0	0
2154963	2154986	1915993	1916016	0	0	0	0
2121773	2121816	1886785	1886828	0	0	0	0
2114636	2114680	1879645	1879689	0	0	0	0
2056079	2061326	1822467	1827713	0	0	0	0
2038565	2038593	1816314	1816342	0	0	0	0
2025388	2025390	1804647	1804649	0	0	0	0
687202	687278	560209	560285	604609	604684	0	0
-1280786	-1280797	-1135775	-1135786	879287	879298	0	0
-1169505	-1169754	0	0	1006590	1006839	0	0
-983245	-983357	-828300	-828412	1215075	1215187	0	0
-982867	-982980	-828054	-828167	1215189	1215302	0	0
-888587	-888757	-728994	-729164	1312189	1312359	0	0
-888164	-888460	-728571	-728867	1312360	1312655	0	0
-887634	-887639	-728041	-728046	1312672	1312677	0	0
-846708	-846716	0	0	1352810	1352818	0	0
-98420	-98546	0	0	1474347	1474474	0	0
-97310	-97844	0	0	1474793	1475328	0	0
-90614	-90985	0	0	1479298	1479669	0	0
1664744	1664757	1498062	1498075	1631684	1631697	0	0
1859081	1859250	1660202	1660371	1790563	1790732	0	0
1859377	1860069	1660498	1661199	1790733	1791425	0	0
2193796	2193860	0	0	2125005	2125068	0	0
2197510	2197681	0	0	2128878	2129049	0	0
-238223	-239914	493983	495674	2210226	2211917	0	0
-1016754	-1017634	-861558	-862438	0	0	0	0
1574525	1574594	1401228	1401296	0	0	0	0
1573756	1574160	1388037	1388452	0	0	0	0
-1481309	-1481463	-1295765	-1295922	0	0	0	0
-1194510	-1194646	1254496	1254632	0	0	0	0
-1194831	-1195016	1253379	1253564	0	0	0	0
-1195019	-1195425	1252947	1253341	0	0	0	0
-1193553	-1193696	1251252	1251395	0	0	0	0
-1362416	-1367823	-1172921	-1178323	0	0	0	0
51786	52611	0	0	29420	30254	0	0
55957	56241	0	0	32175	32459	0	0
56587	57129	0	0	32461	33003	0	0
454492	454552	0	0	373504	373564	0	0
529142	529421	0	0	449177	449456	0	0
565268	565784	440011	440527	485304	485819	0	0
567528	567528	0	0	485820	485820	0	0
0	0	443627	443629	488381	488383	0	0
568890	569421	443630	444162	488384	488915	0	0
-956753	-956996	-796827	-797070	0	0	0	0
-922139	-922174	-762032	-762067	0	0	0	0
-918151	-918357	-757998	-758204	0	0	0	0
-917164	-917727	-757126	-757689	0	0	0	0
-888461	-888586	-728868	-728993	0	0	0	0
-887641	-888163	-728048	-728570	0	0	0	0
-805895	-806076	-674746	-674927	0	0	0	0
717602	717947	589514	589859	0	0	0	0
717025	717414	588937	589326	0	0	0	0
715223	715300	587132	587212	0	0	0	0
715142	715158	587051	587067	0	0	0	0
711793	711827	583717	583751	0	0	0	0
171390	171500	97451	97560	0	0	0	0
182518	182879	108670	109031	0	0	0	0
192516	192806	124351	124641	0	0	0	0
193497	193520	125332	125355	0	0	0	0
304200	304303	219907	220010	0	0	0	0
198431	198450	130124	130143	0	0	0	0
711484	711533	583408	583456	0	0	0	0
710523	710562	582708	582747	0	0	0	0
706218	706255	578403	578440	0	0	0	0
706032	706038	578397	578402	0	0	0	0
688028	688119	560429	560520	0	0	0	0
687279	687422	560286	560428	0	0	0	0
648657	648786	522472	522592	0	0	0	0
621856	621959	495723	495826	0	0	0	0
592648	593346	467111	467809	0	0	0	0
591652	592157	466253	466780	0	0	0	0
591061	591239	466000	466178	0	0	0	0
590762	590868	465701	465807	0	0	0	0
565785	566056	440528	440798	0	0	0	0
27883	27883	5021	5021	0	0	0	0
544646	544689	419359	419402	0	0	0	0
510427	510584	406472	406629	0	0	0	0
-983175	-983244	-828230	-828299	0	0	0	0
-982982	-983043	-828169	-828230	0	0	0	0
489949	489953	386005	386009	0	0	0	0
442719	443574	347064	347918	0	0	0	0
439954	440044	343280	343370	0	0	0	0
404700	404817	317056	317192	0	0	0	0
403490	404346	316192	317054	0	0	0	0
372232	372274	285081	285123	0	0	0	0
45133	45272	23425	23564	0	0	0	0
17942	17999	25529	25590	0	0	0	0
20079	20173	26690	26785	0	0	0	0
159147	159155	85704	85711	0	0	0	0
159612	160057	85712	86157	0	0	0	0
336898	336917	250508	250527	0	0	0	0
333669	333694	247278	247303	0	0	0	0
164978	165061	91021	91104	0	0	0	0
1886366	1886433	1680201	1680269	0	0	0	0
1880362	1880608	1679954	1680200	0	0	0	0
1870610	1870749	1671738	1671877	0	0	0	0
201488	201507	132799	132818	0	0	0	0
201843	201924	133427	133514	0	0	0	0
202872	202903	133973	134004	0	0	0	0
202961	203006	134062	134107	0	0	0	0
207563	207624	138545	138605	0	0	0	0
207669	207747	138606	138684	0	0	0	0
0	0	0	0	1	475	1	475
20397	20427	0	0	476	505	476	505
20428	20648	26993	27221	506	712	506	712
20680	23369	27222	29912	713	3403	713	3403
23370	23410	0	0	3404	3444	3404	3444
23411	24825	1	1416	3445	4860	3445	4860
24826	25729	0	0	4861	5764	4861	5764
25730	25743	2346	2358	5765	5778	5765	5778
0	0	2359	2399	5779	5819	5779	5819
25775	26099	2400	2730	5820	6150	5820	6150
0	0	2731	3387	6151	6808	6151	6808
0	0	0	0	6809	6934	6809	6934
0	0	3967	4190	6935	7160	6935	7160
0	0	0	0	7161	7272	7161	7272
27884	30000	5022	7139	7273	9393	7273	9393
0	0	7140	7140	9394	9394	9394	9394
30023	30228	7141	7340	9395	9594	9395	9594
0	0	7341	7365	9595	9619	9595	9619
30233	30351	7366	7484	9620	9738	9620	9738
0	0	7485	7509	9739	9763	9739	9763
30404	31776	7510	8882	9764	11136	9764	11136
31777	31899	9179	9291	11137	11259	11137	11259
31900	31900	9364	9364	11260	11260	11260	11260
0	0	9365	9460	11261	11356	11261	11356
31901	32162	9461	9722	11357	11618	11357	11618
0	0	9723	10066	11619	11962	11619	11962
0	0	0	0	11963	12004	11963	12003
0	0	0	0	12066	13872	12004	13811
33082	33619	0	0	13873	14435	13812	14374
0	0	0	0	14436	17583	14375	17523
0	0	0	0	17593	17750	17534	17690
0	0	0	0	17760	18868	17701	18808
0	0	0	0	18878	23367	18819	23307
0	0	0	0	23387	23399	23328	23340
45273	45470	23565	23762	23400	23592	23341	23533
0	0	0	0	23593	25064	23534	25005
45471	47025	23763	25317	25065	25130	25006	25071
0	0	0	0	25131	26045	25072	25986
47664	47859	0	0	26046	26261	25987	26202
0	0	0	0	26262	28616	26203	28557
0	0	0	0	28617	28713	28666	28762
51081	51785	0	0	28714	29419	28763	29467
0	0	0	0	31584	31584	29468	29468
55366	55956	0	0	31585	32174	29469	30057
57130	57431	0	0	33004	33305	30059	30360
0	0	0	0	33306	33437	30361	30492
57432	58824	0	0	33438	34829	30493	31882
99215	104705	0	0	34830	40320	31883	37373
104706	109095	36017	40406	40321	44710	37374	41763
109096	109237	40542	40682	44711	44851	41764	41904
109327	114934	40683	46289	44852	50458	41905	47511
0	0	46290	46292	50459	50461	47512	47514
119774	148490	46293	75008	50462	79177	47515	76230
0	0	75009	75053	79178	79222	76231	76275
148491	152726	75054	79284	79223	83446	76276	80499
152727	152771	0	0	83447	83491	80500	80544
152772	154450	79285	80963	83492	85170	80545	82223
0	0	0	0	85171	85215	82224	82268
154451	156986	80964	83498	85216	87751	82269	84804
0	0	83499	83543	87752	87796	84805	84849
156987	159146	83544	85703	87797	89955	84850	87008
160058	160140	86158	86237	89956	90038	87009	87091
160141	160165	0	0	90039	90063	87092	87116
160166	160203	86262	86302	90064	90101	87117	87154
160204	160659	86303	86758	0	0	87155	87610
160660	164550	86759	90646	90102	93990	87611	91499
164604	164977	90647	91020	93991	94363	91500	91872
165062	167398	91105	93440	94364	96700	91873	94209
167399	167596	0	0	96701	96898	94210	94407
167597	170432	93465	96300	96899	99732	94408	97243
0	0	96301	96453	99733	99885	97244	97396
170433	171194	96454	97215	99886	100647	97397	98158
0	0	97216	97255	100648	100687	98159	98198
171195	171389	97256	97450	100688	100881	98199	98392
0	0	0	0	100882	100887	98393	98398
171501	178996	97561	105057	100888	108382	98399	105893
0	0	105058	105103	108383	108427	105894	105938
178997	182517	105148	108669	108428	111947	105939	109458
183931	183939	0	0	111948	111956	109459	109467
183940	188826	110093	114985	111957	116857	109468	114368
191023	191330	114986	115293	116858	117165	114369	114676
0	0	115294	115709	117166	117581	114677	115092
0	0	115710	115717	0	0	115093	115099
0	0	116875	116880	117582	117587	115100	115105
191331	192391	116881	117942	117588	118648	115106	116166
192392	192515	124228	124350	118649	118770	116167	116288
0	0	0	0	118771	121757	116289	119275
192807	193496	124642	125331	121758	122445	119276	119963
193521	193525	125356	125360	122446	122450	119964	119968
0	0	125361	125379	122451	122469	119969	119987
193592	196379	125380	128172	122470	125262	119988	122780
0	0	128173	128184	125263	125274	122781	122792
196492	198430	128185	130123	125275	127212	122793	124730
198451	200033	130144	131725	127213	128793	124731	126311
200034	200424	0	0	128794	129182	126312	126700
200425	201487	131726	132798	129183	130232	126701	127750
201508	201625	132819	132936	130233	130356	127751	127874
0	0	132937	132990	130357	130392	127875	127910
201635	201699	132991	133055	130393	130457	127911	127975
0	0	0	0	130458	130478	127976	127996
201700	201729	133056	133085	130479	130508	127997	128026
0	0	133086	133225	130509	130653	128027	128171
0	0	0	0	130654	130824	128172	128342
0	0	133522	133597	130825	130900	128343	128418
0	0	0	0	130901	130911	128419	128429
202373	202563	0	0	130912	131102	128430	128620
202564	202603	133650	133689	131103	131142	128621	128660
202604	202659	133762	133817	131143	131198	128661	128716
202660	202664	0	0	131199	131202	128717	128720
202904	202960	134005	134061	131203	131259	128721	128777
0	0	0	0	131260	131373	128778	128891
203015	203019	0	0	131374	131378	128892	128896
203020	203123	133818	133921	131379	131482	128897	129000
203124	203126	0	0	131483	131485	129001	129003
0	0	0	0	131486	131665	129004	129183
203127	207562	134108	138544	131666	136102	129184	133620
0	0	0	0	136103	136103	133621	133621
207748	217330	138685	148263	136104	145687	133622	143205
217331	217634	0	0	145688	145991	143206	143509
217635	226215	148264	156840	145992	154564	143510	152082
226216	226218	0	0	154565	154566	152083	152084
226308	226350	0	0	154567	154609	152085	152127
226351	238222	156841	168710	154610	166480	152128	163999
239931	242843	168711	171622	166481	169392	164000	166911
0	0	171623	171712	169393	169482	166912	167001
0	0	0	0	169483	175662	167002	173181
242934	253972	171713	182767	175663	186718	173182	184237
266876	273110	182768	189002	186719	192965	184238	190485
0	0	189003	189010	192966	192973	190486	190493
273222	274943	189011	190729	192974	194691	190494	192211
274944	274967	0	0	194692	194718	192212	192238
274968	300101	190730	215860	194719	219863	192239	217383
300147	304199	215861	219906	219864	223909	217384	221429
304304	305314	220011	221021	223910	224920	221430	222440
0	0	221022	221050	224921	224949	222441	222469
306543	318721	221051	233228	224950	237128	222470	234648
318722	318778	0	0	237129	237185	234649	234705
318779	318834	233285	233340	237186	237241	234706	234761
318835	319752	0	0	237242	238159	234762	235679
319753	320017	233417	233681	238160	238424	235680	235944
320018	331995	233787	245756	238425	250395	235945	247915
331996	332147	0	0	250396	250547	247916	248067
332148	333668	245757	247277	250548	252067	248068	249587
333695	336897	247304	250507	252068	255269	249588	252789
336918	347602	250528	261211	255270	265954	252790	263475
0	0	261212	261605	265955	266348	263476	263869
348686	349481	261606	262404	266349	267147	263870	264668
0	0	262405	262511	267148	267254	264669	264775
349483	355238	262512	268270	267255	273012	264776	270533
355239	355241	0	0	273013	273015	270534	270536
0	0	0	0	273016	273050	270537	270571
0	0	268271	268272	273051	273052	270572	270573
355242	358498	268273	271529	273053	276310	270574	273831
358499	358548	0	0	276311	276360	273832	273881
0	0	0	0	276361	276361	273882	273882
358596	358649	0	0	276362	276415	273883	273936
358650	363966	271530	276836	276416	281728	273937	279249
369136	369389	276837	277090	281729	281982	279250	279503
0	0	277091	277095	281983	281987	279504	279508
0	0	0	0	281988	282021	279509	279542
369390	369499	0	0	282022	282128	279543	279649
0	0	0	0	282129	282310	279650	279831
0	0	277096	284677	282311	289890	279832	287411
371829	372231	284678	285080	289891	290288	287412	287809
372275	396561	285124	309404	290289	314588	287810	312112
0	0	309405	309715	314589	314885	312113	312409
396819	396855	309716	309751	314886	314921	312410	312445
397054	403489	309752	316191	314922	321362	312446	318886
0	0	0	0	321363	325152	318887	322677
404818	404852	317193	317230	325153	325189	322678	322714
404853	405133	0	0	325190	325470	322715	322995
405134	408192	317231	320280	325471	328529	322996	326054
408193	409855	0	0	328530	330188	326055	327714
0	0	0	0	330189	331312	327715	328838
410640	410807	0	0	331313	331480	328839	329006
0	0	0	0	331481	332805	329007	330331
411657	411773	0	0	332806	332920	330332	330446
0	0	0	0	332921	333579	330447	331105
412339	412615	0	0	333580	333844	331106	331370
0	0	0	0	333845	333873	331371	331399
412624	412969	0	0	333874	334233	331400	331759
0	0	0	0	334234	334334	331760	331860
413070	413350	0	0	334335	334618	331861	332144
0	0	0	0	334619	335040	332145	332566
413688	415211	0	0	335041	336558	332567	334084
0	0	0	0	336559	336580	334085	334106
416071	416392	0	0	336581	336884	334107	334410
0	0	0	0	336885	336913	334411	334439
416394	421212	0	0	336914	341734	334440	339260
422457	423444	0	0	341735	342722	339261	340248
423445	439482	326807	342808	342723	358738	340249	356261
0	0	0	0	358739	359779	356262	357302
439483	439953	342809	343279	359780	360274	357303	357797
0	0	0	0	360275	360317	357798	357840
440045	440050	343371	343376	360318	360323	357841	357846
0	0	344394	344396	360324	360326	357847	357849
440051	440365	344397	344711	360327	360641	357850	358164
0	0	344712	347063	360642	362994	358165	360517
0	0	0	0	362995	363850	360518	361373
443575	451828	347919	356165	363851	372101	361374	369623
451829	453084	0	0	372102	373357	369624	370879
453085	453201	356166	356283	373358	373474	370880	370996
453202	453228	0	0	373475	373501	370997	371023
0	0	0	0	373502	373503	371024	371025
454553	460133	0	0	373565	379145	371026	376606
0	0	0	0	379146	379170	376607	376631
460134	460655	0	0	379171	379692	376632	377153
460656	464604	356820	360767	379693	383639	377154	381101
0	0	360768	360793	383640	383666	381102	381128
464737	488468	360794	384524	383667	407401	381129	404869
0	0	0	0	407402	407424	404870	404883
488469	489948	384525	386004	407425	408904	404884	406360
0	0	0	0	408905	410325	406361	407781
489954	495028	386010	391084	410326	415400	407782	412856
495029	495039	0	0	415401	415411	412857	412867
0	0	0	0	415412	415572	412868	413028
495040	495040	0	0	415573	415573	413029	413029
495041	510142	391085	406187	415574	430675	413030	428131
510143	510426	406188	406471	0	0	428132	428414
510585	510594	406630	406639	0	0	428415	428424
510595	513134	406640	409179	430676	433216	428425	430965
513135	513179	0	0	433217	433261	430966	431010
513180	515816	409180	411817	433262	435899	431011	433648
515817	529069	0	0	435900	449154	433649	446902
0	0	0	0	449155	449155	446903	446903
529121	529141	0	0	449156	449176	446904	446923
529422	529935	0	0	449457	449970	446924	447437
529936	531748	412564	414380	449971	451783	447438	449250
531749	539665	0	0	451784	459699	449251	457166
539666	544645	414381	419358	459700	464677	457167	462144
544690	556164	419403	430880	464678	476167	462145	473634
0	0	430881	430913	476168	476200	473635	473667
556171	565267	430914	440010	476201	485303	473668	482769
567529	568622	440799	441889	485821	486914	482770	483863
0	0	441890	443355	486915	488380	483864	485328
569422	570291	444163	445032	488916	489785	485329	486198
570292	578601	445060	453370	489786	498095	486199	494508
578602	579023	0	0	498096	498517	494509	494930
579024	579096	453733	453804	498518	498590	494931	495003
579097	579153	0	0	498591	498647	495004	495060
579154	579187	453805	453838	498648	498681	495061	495094
579188	579261	0	0	498682	498755	495095	495168
579262	580480	453847	455061	498756	499974	495169	496387
580481	580564	455405	455501	499975	500058	496388	496471
0	0	0	0	500059	500103	496472	496516
580565	590761	455502	465700	500104	510291	496517	506705
0	0	0	0	510292	510382	506706	506796
590869	591060	465808	465999	510383	510575	506797	506989
0	0	0	0	510576	510697	506990	507111
591240	591313	466179	466252	510698	510765	507112	507179
591314	591361	0	0	510766	510812	507180	507226
0	0	0	0	510813	511344	507227	507758
592158	592233	466781	466856	511345	511420	507759	507834
592234	592477	0	0	511421	511664	507835	508078
0	0	0	0	511665	511963	508079	508376
0	0	0	0	511987	513110	508377	509501
593347	594292	467810	468755	513111	514056	509502	510447
594293	594398	0	0	514057	514162	510448	510553
594399	604005	468756	478374	514163	523767	510554	520158
0	0	0	0	523768	523812	520159	520203
604006	607898	478375	482265	523813	527705	520204	524096
0	0	482266	483214	527706	528654	524097	525045
608445	611152	483215	485919	528655	531359	525046	527750
0	0	485920	486302	531360	531742	527751	528133
611608	611689	486303	486392	531743	531832	528134	528223
0	0	486393	486842	531833	532282	528224	528673
613252	614286	486843	487883	532283	533325	528674	529716
0	0	487884	487887	533326	533328	529717	529721
0	0	0	0	533329	533488	529722	529881
614287	614562	0	0	533489	533763	529882	530156
614667	617071	0	0	533764	536166	530157	532559
617072	621807	489230	493966	536167	540904	532560	537297
621808	621855	495675	495722	540905	540945	537298	537338
621960	627756	495827	501614	540946	546738	537339	543131
627757	627800	0	0	546739	546782	543132	543175
627801	648656	501615	522471	546783	567645	543176	564037
0	0	0	0	567646	567662	564038	564054
648787	670263	522593	544044	567663	589125	564055	585518
670264	671045	544885	545663	589126	589904	585519	586297
0	0	545664	545849	589905	590101	586298	586494
671046	672567	545850	547370	590102	591622	586495	588015
0	0	0	0	591623	591727	588016	588120
672568	672808	547371	547611	591728	591968	588121	588361
672809	673123	547717	548031	591969	592283	588362	588676
673124	673150	0	0	592284	592310	588677	588703
0	0	0	0	592311	592400	588704	588793
673151	673168	0	0	592401	592418	588794	588811
673169	678145	548032	553006	592419	597394	588812	593789
678190	685057	553007	559877	597395	604277	593790	600672
0	0	559878	560049	604278	604449	600673	600844
687043	687201	560050	560208	604450	604608	600845	601002
688120	689773	560521	562173	604685	606337	601003	602655
689818	706031	562174	578396	606338	622551	602656	618870
706256	710522	578441	582707	622552	626802	618871	623121
0	0	0	0	626803	626837	623122	623156
0	0	582751	582846	626838	626933	623157	623252
0	0	0	0	626934	627672	623253	623991
711146	711151	0	0	627673	627678	623992	623997
711152	711483	583079	583407	627679	628022	623998	624341
0	0	0	0	628023	628071	624342	624390
0	0	583460	583476	628072	628088	624391	624407
711554	711792	583477	583716	628089	628328	624408	624647
0	0	0	0	628329	628363	624648	624682
711828	712181	583752	584111	628364	628723	624683	625042
712182	712347	0	0	628724	628892	625043	625211
712348	714590	584278	586522	628893	631074	625212	627393
714611	715141	586523	587050	631075	631616	627394	627935
0	0	0	0	631617	631664	627936	627983
715159	715222	587068	587131	631665	631727	627984	628046
0	0	0	0	631728	631789	628047	628108
715301	717024	587213	588936	631790	633512	628109	629831
0	0	0	0	633513	634140	629832	630459
717415	717601	589327	589513	634141	634322	630460	630641
0	0	0	0	634323	634840	630642	631159
717948	718080	589860	589992	634841	634978	631160	631297
718081	718102	0	0	634979	635000	631298	631319
718103	718182	590135	590214	635001	635080	631320	631399
718183	718218	0	0	635081	635116	631400	631435
0	0	0	0	635117	635763	631436	632083
718283	718344	0	0	635764	635825	632084	632145
718345	744133	590257	616030	635826	661615	632146	657934
744184	765458	616031	637297	661616	682905	657935	679225
765459	765720	0	0	682906	683168	679226	679488
765721	766057	637298	637634	683169	683505	679489	679825
766058	766242	0	0	683506	683690	679826	680010
766243	766272	637726	637754	683691	683719	680011	680039
777914	777941	637755	637782	683720	683747	680040	680067
777942	780417	637888	640378	683748	686238	680068	682558
0	0	640379	640927	686239	686787	682559	683107
0	0	0	0	686788	686809	683108	683129
0	0	640928	641748	686810	687630	683130	683950
0	0	0	0	687631	687635	683951	683955
0	0	0	0	687636	687641	683958	683963
-1492904	-1492905	0	0	687642	687643	683964	683965
-1482379	-1492903	-1296865	-1307387	687644	698178	683966	694501
0	0	-1296838	-1296864	698179	698205	694502	694528
-1481464	-1482378	-1295923	-1296837	698206	699119	694529	695443
-1474178	-1481308	-1288631	-1295764	699120	706232	695444	702556
-1469021	-1474177	-1283365	-1288525	706233	711390	702557	707714
0	0	-1283186	-1283365	711391	711569	707715	707893
-1466479	-1468887	-1280775	-1283185	711570	713980	707894	710304
-1445070	-1466478	-1259248	-1280668	713981	735398	710305	731723
0	0	0	0	735399	745652	731724	741976
0	0	-1256520	-1256586	745653	745719	741977	742043
0	0	0	0	745720	746000	742044	742324
-1439871	-1445068	-1243466	-1248651	746001	751185	742325	747509
-1434581	-1439871	0	0	751186	756474	747510	752797
0	0	0	0	756475	756475	752798	752798
-1433238	-1434530	0	0	756476	757769	752799	754092
-1409588	-1433237	-1219817	-1243464	757770	781418	754093	777743
-1409531	-1409587	0	0	781419	781474	777744	777799
-1377501	-1409530	-1187777	-1219816	781475	813523	777800	809848
-1377456	-1377500	0	0	813524	813568	809849	809893
-1372748	-1377455	-1183068	-1187776	813569	818279	809894	814604
-1372613	-1372747	0	0	818280	818414	814605	814739
-1369921	-1372612	-1180376	-1183067	818415	821105	814740	817432
-1368439	-1368498	-1180317	-1180376	821106	821164	817433	817491
-1367824	-1368438	-1178324	-1178938	821165	821779	817492	818106
0	0	0	0	821780	821784	818107	818111
-1343387	-1361551	0	0	821785	839947	818112	836274
0	0	0	0	839948	842527	836275	838854
0	0	-1171365	-1171380	842528	842542	838855	838869
-1335669	-1339385	-1167633	-1171364	842543	846279	838870	842606
-1335350	-1335564	-1167419	-1167633	846280	846493	842607	842820
-1335055	-1335350	0	0	846494	846788	842821	843115
0	0	0	0	846789	846868	843116	843195
-1334820	-1335054	0	0	846869	847103	843196	843430
0	0	0	0	847104	847365	843431	843692
-1334124	-1334819	0	0	847366	848047	843693	844374
-1330365	-1334123	-1163343	-1167100	848048	851806	844375	848133
0	0	-1163303	-1163343	851807	851846	848134	848173
-1324532	-1329172	-1158667	-1163302	851847	856482	848174	852809
0	0	-1158544	-1158667	856483	856605	852810	852932
-1323042	-1324511	-1157074	-1158543	856606	858075	852933	854402
-1322931	-1322993	-1157012	-1157074	858076	858137	854403	854464
-1322926	-1322930	0	0	858138	858142	854465	854469
0	0	-1157006	-1157006	858143	858143	854470	854470
-1299753	-1302034	-1154724	-1157005	858144	860425	854471	856752
0	0	0	0	860426	860450	856753	856777
-1286201	-1299622	-1141170	-1154593	860451	873873	856778	870200
0	0	0	0	873874	873893	870201	870220
-1281907	-1286200	-1136875	-1141169	873894	878187	870221	874514
-1281888	-1281906	0	0	878188	878196	874515	874523
-1280798	-1281887	-1135787	-1136875	878197	879286	874524	875613
-1280737	-1280753	-1135726	-1135742	879299	879314	875614	875629
0	0	-1135691	-1135725	879315	879349	875630	875664
-1276760	-1280736	-1131715	-1135690	879350	883327	875665	879642
0	0	-1131600	-1131714	883328	883442	879643	879757
-1271450	-1276759	-1126293	-1131599	883443	888751	879758	885066
0	0	-1126174	-1126292	888752	888856	885067	885171
-1271256	-1271449	-1125983	-1126173	888857	889049	885172	885364
-1270536	-1271256	0	0	889050	889769	885365	886084
-1259376	-1270535	-1113967	-1125129	889770	900941	886085	897257
0	0	0	0	900942	900952	897258	897267
0	0	0	0	901206	901712	897268	897774
-1220337	-1259375	-1074899	-1113966	901713	940777	897775	936842
-1220292	-1220336	0	0	940778	940822	936843	936887
0	0	0	0	940823	940957	936888	937022
-1219448	-1220291	-1074053	-1074898	940958	941801	937023	937867
-1219291	-1219447	0	0	941802	941958	937868	938024
-1219258	-1219290	-1074020	-1074052	941959	941991	938025	938057
-1218400	-1218545	-1073161	-1073306	0	0	938058	938202
-1209947	-1218399	-1064708	-1073160	941992	950450	938203	946663
-1202531	-1209875	-1057293	-1064636	950451	957792	946664	954005
0	0	-1056709	-1057293	957793	958376	954006	954589
-1201812	-1201975	-1056548	-1056708	958377	958537	954590	954750
0	0	-1056542	-1056548	958538	958543	954751	954756
-1201546	-1201782	-1056287	-1056541	958544	958801	954757	955014
0	0	-1055017	-1056287	958802	960058	955015	956272
0	0	0	0	960059	961676	956273	957890
0	0	0	0	961677	961690	958040	958053
0	0	-1054922	-1054992	961691	961776	958054	958139
-1198853	-1198971	-1054807	-1054921	961777	961894	958140	958257
0	0	-1054294	-1054807	961895	962407	958258	958770
-1197848	-1198135	-1054000	-1054293	962408	962695	958771	959058
-1197535	-1197636	-1053699	-1053800	962696	962796	959059	959159
0	0	-1053692	-1053699	962797	962803	959160	959166
-1197211	-1197421	-1053482	-1053691	962804	963013	959167	959376
0	0	-1053396	-1053481	963014	963098	959377	959461
-1191624	-1192309	-1052710	-1053395	963099	963784	959462	960147
0	0	-1051954	-1052709	963785	964541	960148	960904
-1187517	-1191623	-1047847	-1051953	964542	968648	960905	965011
0	0	-1041611	-1047847	968649	974885	965012	971249
-1185909	-1185913	0	0	974886	974890	971250	971254
-1181045	-1185908	-1036758	-1041610	974891	979752	971255	976116
-1180916	-1181044	0	0	979753	979886	976117	976250
0	0	0	0	979887	997265	976251	993626
0	0	0	0	997515	999294	993627	995406
-1176985	-1177060	0	0	999295	999369	995407	995482
-1176950	-1176984	0	0	0	0	995483	995500
-1169755	-1176949	0	0	999370	1006589	995501	1002720
-1168414	-1169504	0	0	1006840	1007930	1002721	1003811
0	0	0	0	1007931	1008211	1003812	1004092
-1167992	-1168208	0	0	1008212	1008435	1004093	1004316
0	0	0	0	1008436	1009632	1004317	1005513
0	0	0	0	1009633	1009633	1005669	1005669
-1166927	-1166981	0	0	1009634	1009683	1005670	1005719
-1166777	-1166926	0	0	1009734	1009878	1005720	1005864
0	0	0	0	1009879	1010414	1005865	1006400
1302035	1305547	0	0	1010415	1013927	1006401	1009913
0	0	0	0	1013928	1019198	1009914	1015184
1305548	1307978	0	0	1019199	1021629	1015185	1017615
1307979	1308000	0	0	0	0	1017616	1017637
1308001	1316231	0	0	1021630	1029864	1017638	1025872
1319080	1322917	0	0	1029865	1033702	1025873	1029709
0	0	0	0	1033703	1037621	1029710	1033628
-1157162	-1164551	0	0	1037622	1045012	1033629	1041019
0	0	0	0	1045013	1045028	1041020	1041035
-1156349	-1156543	0	0	1045029	1045222	1041036	1041229
0	0	0	0	1045223	1046159	1041230	1042166
-1145037	-1156321	0	0	1046160	1057442	1042167	1053450
0	0	0	0	1057443	1058666	1053451	1054674
-1140860	-1145036	0	0	1058667	1062843	1054675	1058851
-1140610	-1140859	-1036496	-1036757	1062844	1063091	1058852	1059099
-1137322	-1139177	-1034624	-1036485	1063092	1064952	1059100	1060960
0	0	0	0	1064953	1064978	1060961	1060986
0	0	-1034025	-1034597	1064979	1065551	1060987	1061559
-1135128	-1136722	-1032430	-1034024	1065552	1067146	1061560	1063154
-1135120	-1135127	-1032299	-1032306	1067147	1067154	1063155	1063162
0	0	-1032265	-1032299	1067155	1067188	1063163	1063196
0	0	0	0	1067189	1067215	1063197	1063223
0	0	-1032207	-1032264	1067216	1067273	1063224	1063281
0	0	0	0	1067274	1067501	1063282	1063509
0	0	-1032010	-1032206	1067502	1067698	1063510	1063706
-1135064	-1135106	-1031967	-1032009	1067699	1067741	1063707	1063749
-1134718	-1134791	-1031894	-1031967	1067742	1067814	1063750	1063822
-1131859	-1134667	-1029084	-1031894	1067815	1070624	1063823	1066632
-1131784	-1131858	-1028784	-1028858	1070625	1070699	1066633	1066707
-1124403	-1131746	-1021397	-1028746	1070700	1078042	1066708	1074050
-1124300	-1124402	0	0	1078043	1078145	1074051	1074153
-1123868	-1124299	-1020964	-1021396	1078146	1078578	1074154	1074586
-1123744	-1123867	0	0	1078579	1078702	1074587	1074710
-1123621	-1123743	-1020841	-1020963	1078703	1078825	1074711	1074833
-1123619	-1123621	0	0	1078826	1078827	1074834	1074835
-1113564	-1123618	-1010678	-1020732	1078828	1088882	1074836	1084890
-1102445	-1113563	974073	985188	1088883	1100013	1084891	1096021
-1102334	-1102444	0	0	1100014	1100126	1096022	1096134
-1098302	-1102333	-970030	-974061	1100127	1104158	1096135	1100166
0	0	-969924	-970029	1104159	1104264	1100167	1100272
-1095528	-1098301	-967149	-969923	1104265	1107038	1100273	1103046
-1094807	-1095527	-966390	-967110	1107039	1107759	1103047	1103767
-1094763	-1094806	0	0	1107760	1107803	1103768	1103811
-1094558	-1094762	0	0	0	0	1103812	1104016
-1094444	-1094557	-966276	-966389	0	0	1104017	1104130
-1094386	-1094443	-966218	-966275	1107804	1107861	1104131	1104188
-1094309	-1094362	0	0	1107862	1107914	1104189	1104241
-1094044	-1094308	-965939	-966204	1107915	1108179	1104242	1104506
-1082348	-1094043	-954189	-965884	1108180	1119874	1104507	1116201
-1082202	-1082347	-954043	-954188	0	0	1116202	1116347
-1081495	-1081508	-953335	-953348	0	0	1116349	1116362
-1076056	-1081494	-947890	-953334	1119875	1125329	1116363	1121818
-1058090	-1074711	-931275	-947890	1125330	1141951	1121819	1138443
-1057632	-1058090	0	0	1141952	1142409	1138444	1138901
-1048211	-1057631	-892254	-901673	1142410	1151830	1138902	1148322
-1033625	-1048187	-877691	-892242	1151831	1166381	1148323	1162872
0	0	-877668	-877691	1166382	1166404	1162873	1162895
-1028348	-1033110	-872905	-877667	1166405	1171166	1162896	1167657
-1028087	-1028348	0	0	1171167	1171427	1167658	1167918
-1017673	-1028086	-862447	-872886	1171428	1181839	1167919	1178331
-1017635	-1017643	-862439	-862447	1181840	1181847	1178332	1178339
0	0	0	0	1181848	1181866	1178340	1178358
-1016604	-1016752	-861408	-861556	0	0	1178359	1178507
-1016573	-1016603	-861377	-861407	1181867	1181897	1178508	1178538
-1016400	-1016572	0	0	1181898	1182070	1178539	1178711
-1011812	-1016399	-856785	-861376	1182071	1186656	1178712	1183296
-1011779	-1011811	-856752	-856784	0	0	1183297	1183330
-989915	-1011777	-834886	-856750	1186658	1208512	1183331	1205186
-989831	-989914	0	0	1208513	1208596	1205187	1205270
-983358	-989830	-828413	-834885	1208597	1215074	1205271	1211748
-972467	-982866	-817651	-828053	1215303	1225710	1211749	1222156
0	0	-815023	-817651	1225711	1228338	1222157	1224784
-967373	-972304	-810087	-815022	1228339	1233274	1224785	1229720
0	0	-810027	-810087	1233275	1233334	1229721	1229780
-967268	-967360	-809935	-810026	1233335	1233426	1229781	1229872
0	0	-809572	-809934	1233427	1233789	1229873	1230235
0	0	-809560	-809571	0	0	1230236	1230247
0	0	-809065	-809269	0	0	1230248	1230451
0	0	-807342	-809064	1233790	1235511	1230452	1232174
-956997	-967267	-797071	-807341	1235512	1245770	1232175	1242434
0	0	0	0	1245771	1246005	1242435	1242670
-948646	-956751	-788721	-796825	1246006	1254113	1242671	1250778
-948356	-948645	-788430	-788720	0	0	1250779	1251068
-937674	-948355	-777742	-788429	1254114	1264794	1251069	1261749
-937603	-937629	-777716	-777742	1264795	1264820	1261750	1261775
-922277	-937602	-762147	-777490	1264821	1280182	1261776	1277138
-922254	-922276	0	0	1280183	1280205	1277139	1277161
-922175	-922253	-762068	-762146	1280206	1280284	1277162	1277240
-922134	-922138	-762027	-762031	1280285	1280288	1277241	1277244
-918358	-922133	-758205	-761981	1280289	1284064	1277245	1281020
-915294	-917163	-755255	-757125	1284065	1285933	1281021	1282889
-915273	-915293	0	0	1285934	1285954	1282890	1282910
0	0	0	0	1285955	1286110	1282911	1283066
0	0	-754958	-755254	1286111	1286407	1283067	1283363
-911665	-914448	-752174	-754957	1286408	1289191	1283364	1286147
-911643	-911664	0	0	1289192	1289213	1286148	1286169
-906586	-911642	-747120	-752173	1289214	1294259	1286170	1291214
-900198	-906585	-740643	-747014	1294260	1300635	1291215	1297590
-900127	-900197	0	0	1300636	1300706	1297591	1297661
-899704	-900126	-740220	-740642	1300707	1301129	1297662	1298084
0	0	-740108	-740219	1301130	1301241	1298085	1298196
-888758	-899703	-729165	-740107	1301242	1312188	1298197	1309143
-875346	-887633	-715757	-728040	1312678	1324965	1309144	1321431
0	0	-714961	-715756	1324966	1325761	1321432	1322227
0	0	0	0	1325762	1326314	1322228	1322780
-860815	-873988	-996591	-1009755	1326315	1339490	1322781	1335952
-850062	-860814	-985189	-995942	1339491	1350243	1335953	1346705
-849220	-850061	0	0	1350244	1351088	1346706	1347550
-848145	-849219	-713836	-714910	1351089	1352164	1347551	1348626
0	0	-713831	-713836	1352165	1352169	1348627	1348631
0	0	0	0	1352170	1352171	1348632	1348632
-846699	-846707	0	0	1352819	1352827	1348633	1348641
-846202	-846698	-713334	-713830	1352828	1353324	1348642	1349138
-845109	-846202	0	0	1353325	1354430	1349139	1350244
-828031	-845108	-696255	-713331	1354431	1371507	1350245	1367321
0	0	-695471	-696255	1371508	1372291	1367322	1368105
-824031	-828025	-691480	-695470	1372292	1376284	1368106	1372098
-817242	-822608	-686116	-691480	1376285	1381650	1372099	1377464
-806077	-817241	-674928	-686094	1381651	1392809	1377465	1388623
-788036	-805894	-656888	-674745	1392810	1410668	1388624	1406483
-781530	-788035	-642256	-648758	1410669	1417173	1406484	1412988
0	0	-641749	-642255	1417174	1417680	1412989	1413495
0	0	0	0	1417681	1417684	1413496	1413499
0	0	1307388	1307388	0	0	1413505	1413505
0	0	1307389	1307389	1417685	1417685	1413506	1413506
1492906	1500745	1307390	1315216	1417686	1425512	1413507	1421333
0	0	1315217	1315253	1425513	1425549	1421334	1421370
1500746	1501333	1315254	1315840	1425550	1426142	1421371	1421963
1501603	1532316	1315841	1346562	1426143	1456852	1421964	1452676
1532317	1532317	0	0	1456853	1456853	1452677	1452677
1532318	1549124	1346664	1363451	1456854	1473660	1452678	1469485
0	0	0	0	1473661	1474114	1469486	1469939
-88986	-90613	0	0	1479670	1481294	1469940	1471564
0	0	0	0	1481295	1481323	1471565	1471593
-70735	-88686	0	0	1481324	1499272	1471594	1489542
0	0	0	0	1499273	1499874	1489543	1490144
-67817	-70734	0	0	1499875	1502809	1490145	1493079
0	0	0	0	1502810	1503655	1493080	1493925
-62537	-67816	0	0	1503656	1508948	1493926	1499218
0	0	0	0	1508949	1509271	1499219	1499541
-60411	-62532	0	0	1509272	1511393	1499542	1501663
0	0	0	0	1511394	1511417	1501664	1501687
-59534	-60410	0	0	1511418	1512286	1501688	1502556
0	0	0	0	1512287	1512315	1502557	1502585
-59379	-59488	0	0	1512316	1512427	1502586	1502697
0	0	0	0	1512428	1512971	1502698	1503241
1549125	1556837	1363452	1371161	1512972	1520680	1503242	1510950
1556838	1557020	0	0	1520681	1520863	1510951	1511133
1557021	1573747	1371162	1387903	1520864	1537589	1511134	1527859
1573748	1573755	1388029	1388036	1537590	1537596	1527860	1527866
0	0	0	0	1537597	1537688	1527867	1527958
1574161	1574207	1388453	1388500	1537689	1537735	1527959	1528005
1574208	1574357	0	0	1537736	1537884	1528006	1528154
1574434	1574524	0	0	1537885	1537975	1528155	1528245
0	0	0	0	1537976	1537999	1528246	1528269
0	0	1401562	1401621	1538000	1538059	1528270	1528329
1574912	1574982	1401622	1401698	1538060	1538136	1528330	1528406
1575018	1577270	1401699	1403956	1538137	1540393	1528407	1530663
1577271	1583327	1406693	1412749	1540394	1546450	1530664	1536721
0	0	0	0	1546451	1546486	1536722	1536757
1583328	1583457	1412750	1412879	1546487	1546616	1536758	1536887
1583458	1583502	0	0	1546617	1546661	1536888	1536932
1583503	1587164	1412880	1416539	1546662	1550319	1536933	1540590
1587247	1588022	1416623	1417399	1550320	1551095	1540591	1541366
1588023	1588385	0	0	1551096	1551458	1541367	1541729
1588386	1588673	0	0	0	0	1541730	1542016
1589160	1589160	1417530	1417530	0	0	1542017	1542017
1589161	1611188	1417531	1439562	1551459	1573496	1542018	1564056
0	0	1439563	1440889	1573497	1574853	1564057	1565415
1611290	1611698	1440890	1441296	1574854	1575261	1565416	1565823
1611755	1614826	1441353	1444424	1575262	1578332	1565824	1568894
0	0	0	0	1578333	1578333	1568895	1568895
1614886	1650580	1444462	1480156	1578334	1614047	1568896	1604610
0	0	1480157	1480200	1614048	1614091	1604611	1604654
1650581	1654092	1480201	1483711	1614092	1617602	1604655	1608165
0	0	1483712	1485273	1617603	1619164	1608166	1609727
1654109	1656097	1485274	1487256	1619165	1621147	1609728	1611710
0	0	1487257	1489370	1621148	1623272	1611711	1613837
1656131	1660973	1489371	1494215	1623273	1628122	1613838	1618691
1660974	1664535	1494396	1497943	1628123	1631683	1618692	1622252
1664758	1666416	1498076	1499733	1631698	1633355	1622253	1623910
0	0	0	0	1633356	1633596	1623911	1624151
1666417	1677155	1499734	1510472	1633597	1644334	1624152	1634889
1677156	1679010	0	0	1644335	1646153	1634890	1636707
1679011	1690844	1510666	1522503	1646154	1657992	1636708	1648546
1691121	1691139	1522504	1522522	1657993	1658011	1648547	1648565
1691140	1692722	1522800	1524388	1658012	1659594	1648566	1650148
1692723	1692737	0	0	1659595	1659609	1650149	1650163
1692738	1692820	1524422	1524504	1659610	1659692	1650164	1650246
1692821	1692858	0	0	1659693	1659730	1650247	1650284
1692859	1693414	1524531	1525113	1659731	1660286	1650285	1650840
1693415	1693524	0	0	1660287	1660396	1650841	1650950
1693525	1693661	1525203	1525338	1660397	1660533	1650951	1651087
1693662	1693673	0	0	1660534	1660545	1651088	1651099
1693674	1693754	1525383	1525463	1660546	1660626	1651100	1651180
1693755	1693777	0	0	1660627	1660649	1651181	1651203
1693778	1712161	1525495	1543883	1660650	1679031	1651204	1669585
1712162	1712331	0	0	1679032	1679201	1669586	1669755
1712332	1712386	1543885	1543939	1679202	1679256	1669756	1669810
1712387	1712421	0	0	1679257	1679291	1669811	1669845
1712422	1714746	1543941	1546263	1679292	1681615	1669846	1672169
0	0	1546264	1546280	1681616	1681632	1672170	1672186
1714973	1717555	1546281	1548864	1681633	1684218	1672187	1674772
0	0	1548865	1548939	1684219	1684293	1674773	1674847
1717636	1723247	1548940	1554557	1684294	1689922	1674848	1680476
1761045	1761045	0	0	1689923	1689923	1680477	1680477
1761046	1763124	1554558	1556644	1689924	1692001	1680478	1682555
1763260	1763317	1556645	1556701	1692002	1692058	1682556	1682612
1763407	1764755	1556702	1558050	1692059	1693407	1682613	1683961
0	0	1558051	1558287	1693408	1693644	1683962	1684198
1764756	1764927	1558288	1558459	1693645	1693815	1684199	1684369
0	0	0	0	1693816	1696670	1684370	1687224
1765093	1768624	1558625	1562156	1696671	1700202	1687225	1690756
0	0	0	0	1700203	1704697	1690757	1695251
1769055	1771993	1562587	1565525	1704698	1707636	1695252	1698190
1771994	1772099	0	0	1707637	1707742	1698191	1698296
1772100	1774293	1565526	1567715	1707743	1709936	1698297	1700490
1774294	1775859	1574124	1575691	1709937	1711504	1700491	1702058
0	0	1575692	1577371	1711505	1713183	1702059	1703737
1777486	1777713	1577372	1577598	1713184	1713410	1703738	1703964
0	0	1577599	1578272	1713411	1714084	1703965	1704638
1778357	1778545	1578273	1578447	1714085	1714259	1704639	1704813
0	0	1578448	1579260	1714260	1715070	1704814	1705624
1779080	1779652	1579261	1579823	1715071	1715633	1705625	1706187
0	0	1579824	1579919	1715634	1715729	1706188	1706283
1779746	1784704	1579920	1584872	1715730	1720683	1706284	1711237
1794616	1795903	1594801	1596088	1720684	1721971	1711238	1712525
0	0	1596089	1596832	1721972	1722715	1712526	1713269
0	0	0	0	1722716	1724250	1713270	1714804
1795904	1802568	1598368	1605038	1724251	1730916	1714805	1721470
1802569	1802573	1605039	1605043	0	0	1721471	1721474
1802574	1802638	1605044	1605108	0	0	1721518	1721582
1802639	1810702	1605109	1613163	1730917	1738978	1721583	1729644
0	0	0	0	1738979	1742181	1729645	1732847
1810703	1823254	1613164	1625715	1742182	1754733	1732848	1745399
1823255	1823308	0	0	1754734	1754787	1745400	1745453
1823309	1825363	1625721	1627775	1754788	1756842	1745454	1747508
1825364	1826215	0	0	1756843	1757694	1747509	1748360
1826216	1826379	1628189	1628346	1757695	1757858	1748361	1748524
1826380	1828078	0	0	1757859	1759557	1748525	1750223
1828079	1859080	1629196	1660201	1759558	1790562	1750224	1781226
1860070	1870609	1661200	1671737	1791426	1801964	1781227	1791765
0	0	0	0	1801965	1801965	1791766	1791766
1870750	1870799	1671878	1671927	1801966	1802015	1791767	1791816
0	0	1671928	1671981	1802016	1802069	1791817	1791870
1870807	1873874	1671982	1675048	1802070	1805136	1791871	1794937
1873931	1878025	1675049	1679142	1805137	1809230	1794938	1799031
1879551	1880361	1679143	1679953	1809231	1810041	1799032	1799842
0	0	0	0	1810042	1810047	1799843	1799849
1886434	1889825	1680270	1683654	1810048	1813432	1799850	1803234
0	0	1683655	1686302	1813433	1816079	1803235	1805881
1891271	1893438	1686303	1688467	1816080	1818244	1805882	1808046
0	0	1688468	1688468	1818245	1818245	1808047	1808047
1893554	1896230	1688469	1691152	1818246	1820920	1808048	1810722
0	0	1691153	1691153	1820921	1820921	1810723	1810723
1896272	1896751	1691154	1691628	1820922	1821396	1810724	1811198
1896752	1896794	0	0	1821397	1821439	1811199	1811241
1896795	1905995	1691672	1700873	1821440	1830639	1811242	1820441
1905996	1906446	1700874	1701324	0	0	1820442	1820892
1906447	1915065	0	0	1830640	1839248	1820893	1829509
1915066	1915209	0	0	0	0	1829510	1829652
1915615	1915844	0	0	0	0	1829654	1829884
1915845	1915950	0	0	1839249	1839354	1829885	1829990
1915951	1917878	1701379	1703300	1839355	1841281	1829991	1831917
1918088	1930493	1703301	1715723	1841282	1853691	1831918	1844327
1931062	1933771	1716028	1718737	1853692	1856401	1844328	1847037
1933772	1933811	0	0	1856402	1856441	1847038	1847077
1933812	1944668	1718738	1729594	1856442	1867308	1847078	1857944
1944742	1969235	1729668	1754153	1867309	1891806	1857945	1882443
1969490	1974787	1754154	1759452	1891807	1897103	1882444	1887741
1974788	1974908	1759500	1759620	1897104	1897224	1887742	1887862
1974909	1974913	1759666	1759670	1897225	1897229	1887863	1887867
0	0	0	0	1897230	1897319	1887868	1887957
1974914	1980796	1759671	1765553	1897320	1903202	1887958	1893840
1987227	2003210	1766611	1782586	1903203	1919184	1893841	1909822
2003211	2003329	0	0	1919185	1919303	1909823	1909941
2003330	2025387	1782587	1804646	1919304	1941357	1909942	1931994
0	0	0	0	1941358	1942965	1931995	1933602
0	0	0	0	1942966	1961980	1933628	1952642
0	0	0	0	1961981	1974400	1953187	1965606
2025391	2027924	1804650	1807183	1974401	1976932	1965607	1968139
2029344	2035868	1807184	1813721	1976933	1983467	1968140	1974674
0	0	1813722	1813722	1983468	1983468	1974675	1974675
2035979	2036629	1813723	1814373	1983469	1984121	1974676	1975328
0	0	0	0	1984122	1984147	1975329	1975354
2036630	2038564	1814374	1816313	1984148	1986086	1975355	1977293
2038594	2044099	1816343	1821846	1986087	1991591	1977294	1982798
2055031	2055469	1821847	1822285	1991592	1992027	1982799	1983234
2055470	2055814	0	0	1992028	1992369	1983235	1983576
2055815	2055872	1822385	1822442	1992370	1992427	1983577	1983634
2055873	2055988	0	0	1992428	1992543	1983635	1983749
0	0	0	0	1992544	1992556	1983750	1983758
2061327	2075106	1827714	1841492	1992557	2006337	1983759	1997539
0	0	1841493	1841616	2006338	2006461	1997540	1997663
2075107	2075154	1841617	1841664	2006462	2006509	1997664	1997711
2075155	2085827	1841740	1852404	2006510	2017175	1997712	2008377
0	0	1852405	1852467	2017176	2017238	2008378	2008440
2087481	2091369	1852468	1856356	2017239	2021127	2008441	2012329
0	0	0	0	2021128	2021159	2012330	2012361
2091370	2099136	1856357	1864122	2021160	2028918	2012362	2020119
2099181	2105511	1864123	1870451	2028919	2035247	2020120	2026448
2105625	2111680	1870452	1876505	2035248	2041301	2026449	2032502
0	0	1876506	1876644	2041302	2041440	2032503	2032641
0	0	0	0	2041441	2041575	2032642	2032776
0	0	1876645	1876737	2041576	2041668	2032777	2032869
2111685	2114591	1876738	1879644	2041669	2044575	2032870	2035776
2114681	2117395	1879690	1882405	2044576	2047290	2035777	2038491
0	0	0	0	2047291	2047335	2038492	2038536
2117396	2121772	1882406	1886784	2047336	2051710	2038537	2042911
2121817	2131341	1886829	1896352	2051711	2061235	2042912	2052436
2131343	2131646	0	0	2061236	2061527	2052437	2052728
2132208	2133833	0	0	2061550	2063175	2054412	2056037
0	0	0	0	2063176	2063241	2056038	2056103
2133834	2134108	0	0	2063242	2063516	2056104	2056378
0	0	0	0	2063517	2063523	2056379	2056385
2134760	2134781	0	0	0	0	2056386	2056407
2134782	2135295	0	0	2063524	2064038	2056408	2056922
0	0	0	0	2064039	2064109	2056923	2056993
2135296	2135296	0	0	2064110	2064110	2056994	2056994
2135297	2141051	1896489	1902242	2064111	2069864	2056995	2062748
2141169	2154886	1902243	1915960	2069865	2083579	2062749	2076463
2154931	2154962	1915961	1915992	2083580	2083610	2076464	2076494
2154987	2159097	1916017	1920127	2083611	2087721	2076495	2080605
0	0	1920128	1921630	2087722	2089224	2080606	2082108
2160388	2160474	1921631	1921720	2089225	2089314	2082109	2082198
0	0	1921721	1921885	2089315	2089479	2082199	2082363
2160764	2160849	1921886	1921972	2089480	2089566	2082364	2082450
0	0	1921973	1922494	2089567	2090088	2082451	2082972
2162047	2162189	1922495	1922652	2090089	2090246	2082973	2083130
0	0	1922653	1932653	2090247	2100247	2083131	2093133
2168449	2170757	1932654	1934962	2100248	2102556	2093134	2095442
2170758	2171071	1935008	1935322	2102557	2102871	2095443	2095757
2171072	2171493	1935323	1935744	0	0	2095758	2096179
2171494	2180281	1935745	1944540	2102872	2111668	2096180	2104976
2180282	2180303	0	0	2111669	2111690	2104977	2104998
2180304	2183260	1944541	1947502	2111691	2114645	2104999	2107953
2183261	2183314	0	0	2114646	2114699	2107954	2108007
2183315	2185291	1947503	1949475	2114700	2116676	2108008	2109984
2185397	2193584	1949476	1957673	2116677	2124859	2109985	2118167
2193585	2193600	0	0	2124860	2124874	2118168	2118182
2193666	2193670	0	0	2124875	2124879	2118183	2118187
2193671	2193761	1957674	1957764	2124880	2124970	2118188	2118278
2193762	2193795	0	0	2124971	2125004	2118279	2118311
2193861	2194302	0	0	2125069	2125510	2118312	2118752
2194303	2194466	1957770	1957933	2125511	2125674	2118753	2118916
2194467	2194725	0	0	2125675	2125933	2118917	2119175
0	0	0	0	2125934	2126063	2119176	2119305
2194726	2195424	0	0	2126064	2126762	2119306	2120004
0	0	0	0	2126763	2126861	2120005	2120103
2195425	2196217	0	0	2126862	2127654	2120104	2120896
0	0	0	0	2127655	2127705	2120897	2120947
2196219	2197176	0	0	2127706	2128664	2120948	2121906
0	0	0	0	2128665	2128698	2121907	2121939
0	0	0	0	2129144	2129195	2121940	2121991
2197749	2197914	0	0	2129196	2129361	2121992	2122157
0	0	0	0	2129362	2130476	2122158	2123272
2198563	2198685	0	0	2130477	2130598	2123273	2123394
2198706	2198961	0	0	2130599	2130845	2123395	2123641
2198962	2201946	1958117	1961098	2130846	2133851	2123642	2126648
0	0	1961099	1961419	2133852	2134172	2126649	2126969
2201947	2208547	1961420	1968019	2134173	2140771	2126970	2133568
2208775	2208909	1968020	1968154	2140772	2140906	2133569	2133703
0	0	0	0	2140907	2141134	2133704	2133931
2208910	2218278	1968155	1977523	2141135	2150503	2133932	2143300
2218279	2238825	1978977	1999540	2150504	2171052	2143301	2163849
0	0	1999541	2000039	2171053	2171551	2163850	2164348
2238826	2245615	2000040	2006828	2171552	2178340	2164349	2171137
1	14599	2006829	2021427	2178341	2192938	2171138	2185735
0	0	0	0	2192939	2192956	2185736	2185757
-54278	-55365	0	0	0	0	2186903	2187982
0	0	0	0	2196986	2202235	2187987	2193236
0	0	2031620	2031729	0	0	2194272	2194381
0	0	2032135	2032575	0	0	2194707	2195155
0	0	0	0	2208984	2210225	2203827	2204768
-98237	-98419	0	0	1474475	1474657	2205068	2205250
-97980	-98236	0	0	0	0	2205251	2205507
-97845	-97979	0	0	1474658	1474792	2205508	2205646
-96625	-97308	0	0	1475329	1476015	2206559	2207245
0	0	0	0	1476016	1476096	2207246	2207326
-94339	-96557	0	0	1476097	1478329	2207327	2209559
0	0	0	0	1478330	1478744	2209560	2209974
-93714	-93896	0	0	1478745	1478924	2209975	2210154
15113	17941	0	0	0	0	0	0
18000	20078	0	0	0	0	0	0
20174	20396	0	0	0	0	0	0
20649	20679	0	0	0	0	0	0
25744	25774	0	0	0	0	0	0
26100	27882	0	0	0	0	0	0
30001	30022	0	0	0	0	0	0
30352	30403	0	0	0	0	0	0
32163	33081	0	0	0	0	0	0
33620	45132	0	0	0	0	0	0
47026	47663	0	0	0	0	0	0
47860	51080	0	0	0	0	0	0
52612	54277	0	0	0	0	0	0
56242	56586	0	0	0	0	0	0
58825	59378	0	0	0	0	0	0
59489	59533	0	0	0	0	0	0
88687	88985	0	0	0	0	0	0
90986	93713	0	0	0	0	0	0
93897	94338	0	0	0	0	0	0
96558	96624	0	0	0	0	0	0
98547	99214	0	0	0	0	0	0
109238	109326	0	0	0	0	0	0
114935	119773	0	0	0	0	0	0
159156	159611	0	0	0	0	0	0
164551	164603	0	0	0	0	0	0
182880	183930	0	0	0	0	0	0
188827	191022	0	0	0	0	0	0
193526	193591	0	0	0	0	0	0
196380	196491	0	0	0	0	0	0
201730	201842	0	0	0	0	0	0
201925	202372	0	0	0	0	0	0
202665	202871	0	0	0	0	0	0
207625	207668	0	0	0	0	0	0
226219	226307	0	0	0	0	0	0
242844	242933	0	0	0	0	0	0
253973	266875	0	0	0	0	0	0
273111	273221	0	0	0	0	0	0
300102	300146	0	0	0	0	0	0
305315	306542	0	0	0	0	0	0
347603	348685	0	0	0	0	0	0
358549	358595	0	0	0	0	0	0
363967	369135	0	0	0	0	0	0
369500	371828	0	0	0	0	0	0
396562	396818	0	0	0	0	0	0
396856	397053	0	0	0	0	0	0
404347	404699	0	0	0	0	0	0
409856	410639	0	0	0	0	0	0
410808	411656	0	0	0	0	0	0
411774	412338	0	0	0	0	0	0
412970	413069	0	0	0	0	0	0
413351	413687	0	0	0	0	0	0
415212	416070	0	0	0	0	0	0
421213	422456	0	0	0	0	0	0
440366	442718	0	0	0	0	0	0
453229	454491	0	0	0	0	0	0
464605	464736	0	0	0	0	0	0
529070	529120	0	0	0	0	0	0
566057	567527	0	0	0	0	0	0
568623	568889	0	0	0	0	0	0
591362	591651	0	0	0	0	0	0
592478	592647	0	0	0	0	0	0
607899	608444	0	0	0	0	0	0
611153	611607	0	0	0	0	0	0
611690	613251	0	0	0	0	0	0
614563	614666	0	0	0	0	0	0
678146	678189	0	0	0	0	0	0
685058	687042	0	0	0	0	0	0
687423	688027	0	0	0	0	0	0
689774	689817	0	0	0	0	0	0
706039	706217	0	0	0	0	0	0
710563	711145	0	0	0	0	0	0
711534	711553	0	0	0	0	0	0
714591	714610	0	0	0	0	0	0
718219	718282	0	0	0	0	0	0
744134	744183	0	0	0	0	0	0
766273	777913	0	0	0	0	0	0
780418	781529	0	0	0	0	0	0
822609	824030	0	0	0	0	0	0
846717	848144	0	0	0	0	0	0
874554	875345	0	0	0	0	0	0
914449	915272	0	0	0	0	0	0
917728	918150	0	0	0	0	0	0
937630	937673	0	0	0	0	0	0
972305	972466	0	0	0	0	0	0
983044	983174	0	0	0	0	0	0
1017644	1017672	0	0	0	0	0	0
1033111	1033624	0	0	0	0	0	0
1074712	1076055	0	0	0	0	0	0
1094363	1094385	0	0	0	0	0	0
1134668	1134717	0	0	0	0	0	0
1134792	1135063	0	0	0	0	0	0
1136723	1137295	0	0	0	0	0	0
1139178	1140598	0	0	0	0	0	0
1156322	1156348	0	0	0	0	0	0
1156544	1157161	0	0	0	0	0	0
1164552	1166776	0	0	0	0	0	0
1166982	1167991	0	0	0	0	0	0
1168209	1168413	0	0	0	0	0	0
1177061	1180915	0	0	0	0	0	0
1185914	1187516	0	0	0	0	0	0
1192310	1193552	0	0	0	0	0	0
1193697	1194509	0	0	0	0	0	0
1194647	1194830	0	0	0	0	0	0
1195426	1197210	0	0	0	0	0	0
1197422	1197534	0	0	0	0	0	0
1198136	1198852	0	0	0	0	0	0
1198972	1201545	0	0	0	0	0	0
1201783	1201811	0	0	0	0	0	0
1201976	1202530	0	0	0	0	0	0
1316232	1319079	0	0	0	0	0	0
1322994	1323041	0	0	0	0	0	0
1324512	1324531	0	0	0	0	0	0
1329173	1330364	0	0	0	0	0	0
1335565	1335668	0	0	0	0	0	0
1339386	1340064	0	0	0	0	0	0
1341273	1343386	0	0	0	0	0	0
1361552	1362415	0	0	0	0	0	0
1368499	1369920	0	0	0	0	0	0
1434531	1434580	0	0	0	0	0	0
1468888	1469020	0	0	0	0	0	0
1501334	1501602	0	0	0	0	0	0
1574358	1574433	0	0	0	0	0	0
1574595	1574654	0	0	0	0	0	0
1574844	1574911	0	0	0	0	0	0
1574983	1575017	0	0	0	0	0	0
1588674	1589058	0	0	0	0	0	0
1611189	1611289	0	0	0	0	0	0
1614865	1614885	0	0	0	0	0	0
1656098	1656130	0	0	0	0	0	0
1664604	1664693	0	0	0	0	0	0
1690845	1691120	0	0	0	0	0	0
1714747	1714972	0	0	0	0	0	0
1717556	1717635	0	0	0	0	0	0
1723248	1761044	0	0	0	0	0	0
1763125	1763259	0	0	0	0	0	0
1763318	1763406	0	0	0	0	0	0
1775860	1777485	0	0	0	0	0	0
1777714	1778356	0	0	0	0	0	0
1778546	1779079	0	0	0	0	0	0
1779653	1779745	0	0	0	0	0	0
1873875	1873930	0	0	0	0	0	0
1878026	1879550	0	0	0	0	0	0
1880609	1886365	0	0	0	0	0	0
1889826	1891270	0	0	0	0	0	0
1893439	1893553	0	0	0	0	0	0
1896231	1896271	0	0	0	0	0	0
1915210	1915614	0	0	0	0	0	0
1917879	1918087	0	0	0	0	0	0
1930747	1931009	0	0	0	0	0	0
1969236	1969489	0	0	0	0	0	0
1981512	1986883	0	0	0	0	0	0
2027925	2029343	0	0	0	0	0	0
2035869	2035978	0	0	0	0	0	0
2044100	2055030	0	0	0	0	0	0
2055989	2056078	0	0	0	0	0	0
2085828	2087480	0	0	0	0	0	0
2099137	2099180	0	0	0	0	0	0
2105512	2105624	0	0	0	0	0	0
2114592	2114635	0	0	0	0	0	0
2131647	2132207	0	0	0	0	0	0
2134109	2134759	0	0	0	0	0	0
2141052	2141168	0	0	0	0	0	0
2154887	2154930	0	0	0	0	0	0
2159098	2160387	0	0	0	0	0	0
2160475	2160763	0	0	0	0	0	0
2160850	2162046	0	0	0	0	0	0
2162190	2168448	0	0	0	0	0	0
2185292	2185396	0	0	0	0	0	0
2193601	2193665	0	0	0	0	0	0
2197177	2197509	0	0	0	0	0	0
2197682	2197748	0	0	0	0	0	0
2197915	2198562	0	0	0	0	0	0
2198686	2198705	0	0	0	0	0	0
2208548	2208774	0	0	0	0	0	0
0	0	1417	2345	0	0	0	0
0	0	3388	3966	0	0	0	0
0	0	4191	5020	0	0	0	0
0	0	8883	9178	0	0	0	0
0	0	9292	9363	0	0	0	0
0	0	10067	23424	0	0	0	0
0	0	25318	25528	0	0	0	0
0	0	25591	26689	0	0	0	0
0	0	26786	26992	0	0	0	0
0	0	29913	36016	0	0	0	0
0	0	40407	40541	0	0	0	0
0	0	86238	86261	0	0	0	0
0	0	93441	93464	0	0	0	0
0	0	105104	105147	0	0	0	0
0	0	109032	110092	0	0	0	0
0	0	115718	116874	0	0	0	0
0	0	117943	124227	0	0	0	0
0	0	133226	133426	0	0	0	0
0	0	133598	133649	0	0	0	0
0	0	133690	133761	0	0	0	0
0	0	133922	133972	0	0	0	0
0	0	233229	233284	0	0	0	0
0	0	233341	233416	0	0	0	0
0	0	233682	233786	0	0	0	0
0	0	320281	326806	0	0	0	0
0	0	343377	344393	0	0	0	0
0	0	356284	356819	0	0	0	0
0	0	411818	412563	0	0	0	0
0	0	443356	443626	0	0	0	0
0	0	445033	445059	0	0	0	0
0	0	453371	453732	0	0	0	0
0	0	455062	455404	0	0	0	0
0	0	466857	467110	0	0	0	0
0	0	487888	489229	0	0	0	0
0	0	544045	544884	0	0	0	0
0	0	547612	547716	0	0	0	0
0	0	582847	583078	0	0	0	0
0	0	584112	584277	0	0	0	0
0	0	589993	590134	0	0	0	0
0	0	590215	590256	0	0	0	0
0	0	637635	637725	0	0	0	0
0	0	637783	637887	0	0	0	0
0	0	648759	656887	0	0	0	0
0	0	686095	686115	0	0	0	0
0	0	714911	714960	0	0	0	0
0	0	747015	747119	0	0	0	0
0	0	757690	757997	0	0	0	0
0	0	761982	762026	0	0	0	0
0	0	777491	777715	0	0	0	0
0	0	809270	809559	0	0	0	0
0	0	901674	931274	0	0	0	0
0	0	965885	965938	0	0	0	0
0	0	967111	967148	0	0	0	0
0	0	995943	996590	0	0	0	0
0	0	1010321	1010677	0	0	0	0
0	0	1020733	1020840	0	0	0	0
0	0	1028859	1029083	0	0	0	0
0	0	1032307	1032429	0	0	0	0
0	0	1054993	1055016	0	0	0	0
0	0	1125130	1125982	0	0	0	0
0	0	1167101	1167418	0	0	0	0
0	0	1172588	1172920	0	0	0	0
0	0	1178939	1180316	0	0	0	0
0	0	1248652	1251251	0	0	0	0
0	0	1251396	1252946	0	0	0	0
0	0	1253342	1253378	0	0	0	0
0	0	1253565	1254495	0	0	0	0
0	0	1254633	1256519	0	0	0	0
0	0	1256587	1259247	0	0	0	0
0	0	1280669	1280774	0	0	0	0
0	0	1288526	1288630	0	0	0	0
0	0	1346563	1346663	0	0	0	0
0	0	1387904	1388028	0	0	0	0
0	0	1388501	1401227	0	0	0	0
0	0	1401297	1401357	0	0	0	0
0	0	1403957	1406692	0	0	0	0
0	0	1417400	1417428	0	0	0	0
0	0	1494216	1494395	0	0	0	0
0	0	1510473	1510665	0	0	0	0
0	0	1522523	1522799	0	0	0	0
0	0	1524389	1524421	0	0	0	0
0	0	1524505	1524530	0	0	0	0
0	0	1525114	1525202	0	0	0	0
0	0	1525339	1525382	0	0	0	0
0	0	1525464	1525494	0	0	0	0
0	0	1567716	1574123	0	0	0	0
0	0	1596833	1598367	0	0	0	0
0	0	1627776	1628188	0	0	0	0
0	0	1628347	1629195	0	0	0	0
0	0	1691629	1691671	0	0	0	0
0	0	1701325	1701378	0	0	0	0
0	0	1759453	1759499	0	0	0	0
0	0	1759621	1759665	0	0	0	0
0	0	1822286	1822384	0	0	0	0
0	0	1822443	1822466	0	0	0	0
0	0	1841665	1841739	0	0	0	0
0	0	1896353	1896488	0	0	0	0
0	0	1934963	1935007	0	0	0	0
0	0	1957934	1958116	0	0	0	0
0	0	1977524	1978976	0	0	0	0
0	0	2021941	2031619	0	0	0	0
0	0	2031730	2032134	0	0	0	0
0	0	0	0	12005	12065	0	0
0	0	0	0	30255	31583	0	0
0	0	0	0	511964	511986	0	0
0	0	0	0	900953	901205	0	0
0	0	0	0	997266	997514	0	0
0	0	0	0	1009684	1009733	0	0
0	0	0	0	1352172	1352809	0	0
0	0	0	0	1474115	1474346	0	0
0	0	0	0	1478925	1479297	0	0
0	0	0	0	2061528	2061549	0	0
0	0	0	0	2128699	2128877	0	0
0	0	0	0	2129050	2129143	0	0
0	0	0	0	2192957	2196985	0	0
0	0	0	0	2202236	2208983	0	0
0	0	0	0	0	0	23308	23327
0	0	0	0	0	0	28558	28665
0	0	0	0	0	0	957891	958039
0	0	0	0	0	0	1005514	1005668
0	0	0	0	0	0	1721475	1721517
0	0	0	0	0	0	1933603	1933627
0	0	0	0	0	0	1952643	1953186
0	0	0	0	0	0	2052729	2054411
0	0	0	0	0	0	2185758	2186902
0	0	0	0	0	0	2193237	2194271
0	0	0	0	0	0	2194382	2194706
0	0	0	0	0	0	2195156	2203826
0	0	0	0	0	0	2204769	2205067
0	0	0	0	0	0	2205647	2206558
