1 225 8.620536 A1+AF004885
226 495 25.146444 A1+AF069670
496 930 37.790272 G+AF084936
931 1155 6.579832 nh
1156 1770 21.300528 C+U52953
1771 1875 16.382023 C+AF067155
1876 2175 11.652174 A1+AF069670
2176 2655 25.058455 A1+AF004885
2656 3285 23.612083 C+AF067155
3286 3585 29.481606 C+AY772699
3586 3825 14.728033 C+AF067155
3826 3915 15.022472 C+U52953
3916 4185 16.133829 C+AY772699
4186 4335 12.577181 C+U52953
4336 5025 23.910015 A1+AF004885
5026 5205 24.882681 G+AF061642
5206 5295 24.943821 A1+AF004885
5296 5415 9.539326 A1+AF069670
5416 5820 13.280936 A1+U51190
5821 6030 16.382023 A1+AF484509
6031 6225 8.395973 A1+AF069670
6226 6555 11.592705 A1+AF004885
6556 6705 7.747899 nh
6706 6825 0.000000 nh
6826 7125 11.475837 A1+AF484509
7126 7275 2.210084 nh
7276 7485 11.358851 A1+AF004885
7486 7755 18.382900 D+K03454
7756 8505 20.278667 A1+AF004885
8506 8640 11.820225 A1+AF004885
8641 8835 1.378151 nh
8836 9330 9.064439 A1+AF004885
9331 9699 15.767802 A1+U51190
